0,0,11.758012,3.000000 
0,0,2.028461,250.000000 
0,0,0.280236,12.000000 
0,0,0.779468,2515.000000 
0,0,0.629671,250.000000 
0,0,1.518870,3.000000 
0,0,3.056659,1000.000000 
0,0,0.387333,3.000000 
0,0,0.386698,3.000000 
0,0,0.067537,3.000000 
0,0,0.958410,250.000000 
0,0,0.655049,250.000000 
0,0,0.185167,250.000000 
0,0,3.364708,350.000000 
0,0,2.928791,75.000000 
0,0,0.635444,3.000000 
0,0,0.398764,3.000000 
0,0,4.866771,1000.000000 
0,0,0.958636,250.000000 
0,0,2.705420,250.000000 
0,0,0.873504,12.000000 
0,0,0.375752,12.000000 
0,0,0.529369,12.000000 
0,0,0.072101,250.000000 
0,0,0.167039,75.000000 
0,0,0.640690,3.000000 
0,0,2.386348,6326.000000 
0,0,0.424772,3.000000 
0,0,0.877072,12.000000 
0,0,0.354976,3.000000 
0,0,0.093958,15910.000000 
0,0,0.271549,250.000000 
0,0,1.337683,12.000000 
0,0,3.047773,3.000000 
0,0,0.306414,350.000000 
0,0,1.114028,3.000000 
0,0,0.457856,250.000000 
0,0,0.279171,3.000000 
0,0,0.009003,250.000000 
0,0,1.006930,6326.000000 
0,0,1.398210,350.000000 
0,0,0.017604,250.000000 
0,0,0.324816,75.000000 
0,0,0.283218,1000.000000 
0,0,0.428449,2515.000000 
0,0,2.621608,350.000000 
0,0,0.459444,250.000000 
0,0,0.122499,350.000000 
0,0,1.299346,10.000000 
0,0,0.829170,10.000000 
0,0,0.265927,250.000000 
0,0,0.738706,3.000000 
0,0,1.436433,75.000000 
0,0,1.291323,250.000000 
0,0,1.023695,75.000000 
0,0,1.792717,3.000000 
0,0,0.720483,10.000000 
0,0,0.107968,3.000000 
0,0,0.095181,250.000000 
0,0,2.804049,3.000000 
0,0,0.100204,350.000000 
0,0,0.684142,3.000000 
0,0,0.661083,3.000000 
0,0,1.142461,12.000000 
0,0,0.013448,250.000000 
0,0,0.705267,3.000000 
0,0,1.323716,10.000000 
0,0,2.399835,3.000000 
0,0,0.053649,6326.000000 
0,0,2.607087,250.000000 
0,0,0.691734,350.000000 
0,0,0.956743,12.000000 
0,0,1.283443,10.000000 
0,0,0.090124,1000.000000 
0,0,0.635355,250.000000 
0,0,0.766910,75.000000 
0,0,0.060833,10.000000 
0,0,2.994054,12.000000 
0,0,0.272446,12.000000 
0,0,0.261099,3.000000 
0,0,0.188963,12.000000 
0,0,2.076523,12.000000 
0,0,4.143470,3.000000 
0,0,0.373305,1000.000000 
0,0,0.141279,350.000000 
0,0,0.462760,250.000000 
0,0,0.306220,350.000000 
0,0,0.321016,6326.000000 
0,0,0.000542,250.000000 
0,0,0.118139,350.000000 
0,0,1.455881,250.000000 
0,0,1.183119,2515.000000 
0,0,1.046926,12.000000 
0,0,0.666946,250.000000 
0,0,0.525747,250.000000 
0,0,0.167258,350.000000 
0,0,0.886536,3.000000 
0,0,0.172557,250.000000 
0,0,1.311865,1000.000000 
0,0,0.878526,75.000000 
0,0,0.621191,1000.000000 
0,0,0.759464,75.000000 
0,0,1.247533,350.000000 
0,0,1.724132,250.000000 
0,0,1.872623,12.000000 
0,0,0.559220,3.000000 
0,0,0.220141,75.000000 
0,0,3.409620,250.000000 
0,0,0.626517,250.000000 
0,0,0.696192,3.000000 
0,0,0.045666,3.000000 
0,0,0.289961,75.000000 
0,0,0.589537,1000.000000 
0,0,0.115706,3.000000 
0,0,0.470245,12.000000 
0,0,0.171928,12.000000 
0,0,1.834036,350.000000 
0,0,1.547630,1000.000000 
0,0,0.335878,3.000000 
0,0,2.036940,3.000000 
0,0,2.397002,3.000000 
0,0,1.292483,250.000000 
0,0,5.809276,12.000000 
0,0,0.881181,1000.000000 
0,0,3.616511,75.000000 
0,0,0.342744,3.000000 
0,0,0.064115,75.000000 
0,0,1.427488,12.000000 
0,0,1.709834,250.000000 
0,0,1.147153,250.000000 
0,0,0.119921,350.000000 
0,0,0.427621,2515.000000 
0,0,1.894889,3.000000 
0,0,0.383685,6326.000000 
0,0,0.952398,12.000000 
0,0,0.947458,10032.000000 
0,0,0.693665,12.000000 
0,0,1.913703,3.000000 
0,0,0.532413,250.000000 
0,0,0.167738,250.000000 
0,0,0.527449,3.000000 
0,0,0.045616,3.000000 
0,0,0.586724,3.000000 
0,0,1.909519,250.000000 
0,0,0.016836,3.000000 
0,0,0.894611,350.000000 
0,0,1.953198,75.000000 
0,0,0.571109,350.000000 
0,0,1.377825,3.000000 
0,0,0.716386,3.000000 
0,0,0.767805,3.000000 
0,0,0.039682,3.000000 
0,0,2.071229,12.000000 
0,0,1.610653,250.000000 
0,0,1.141782,12.000000 
0,0,0.463196,3.000000 
0,0,2.065837,3.000000 
0,0,0.428856,350.000000 
0,0,0.475404,3.000000 
0,0,0.219310,12.000000 
0,0,1.394965,3.000000 
0,0,0.741431,3.000000 
0,0,0.943369,250.000000 
0,0,1.593317,3.000000 
0,0,3.562240,350.000000 
0,0,0.103503,350.000000 
0,0,0.852149,250.000000 
0,0,1.951780,6326.000000 
0,0,0.053942,250.000000 
0,0,0.890835,250.000000 
0,0,2.031120,3.000000 
0,0,0.121435,250.000000 
0,0,2.384081,3.000000 
0,0,1.818934,12.000000 
0,0,2.644181,250.000000 
0,0,1.006930,250.000000 
0,0,1.374139,350.000000 
0,0,2.001671,12.000000 
0,0,0.244427,3.000000 
0,0,0.786783,350.000000 
0,0,1.051183,350.000000 
0,0,0.793409,250.000000 
0,0,0.212025,1000.000000 
0,0,0.070772,3.000000 
0,0,0.428254,12.000000 
0,0,1.535963,3.000000 
0,0,0.386262,10.000000 
0,0,0.095496,350.000000 
0,0,1.385792,250.000000 
0,0,0.149824,75.000000 
0,0,0.752340,250.000000 
0,0,0.681306,250.000000 
0,0,0.510170,3.000000 
0,0,0.201429,350.000000 
0,0,0.279921,350.000000 
0,0,0.771660,350.000000 
0,0,0.049855,12.000000 
0,0,0.457698,250.000000 
0,0,0.822504,350.000000 
0,0,0.192739,12.000000 
0,0,0.372542,3.000000 
0,0,0.353528,250.000000 
0,0,0.012938,250.000000 
0,0,0.046657,3.000000 
0,0,0.161026,350.000000 
0,0,1.240235,12.000000 
0,0,0.620965,350.000000 
0,0,0.664687,3.000000 
0,0,2.268822,2515.000000 
0,0,0.881821,12.000000 
0,0,0.550404,3.000000 
0,0,0.131744,3.000000 
0,0,0.820893,350.000000 
0,0,0.315056,3.000000 
0,0,0.140109,3.000000 
0,0,0.334575,250.000000 
0,0,0.222244,12.000000 
0,0,0.347382,350.000000 
0,0,0.298789,1000.000000 
0,0,3.958465,350.000000 
0,0,0.121003,3.000000 
0,0,0.644381,250.000000 
0,0,0.769331,75.000000 
0,0,2.730390,350.000000 
0,0,0.337682,350.000000 
0,0,0.715509,250.000000 
0,0,0.403948,3.000000 
0,0,0.382654,10032.000000 
0,0,1.611667,1000.000000 
0,0,0.087047,250.000000 
0,0,0.144006,3.000000 
0,0,0.116513,3.000000 
0,0,0.608901,3.000000 
0,0,1.971879,3.000000 
0,0,0.797736,350.000000 
0,0,0.010694,350.000000 
0,0,1.534646,3.000000 
0,0,0.807384,3.000000 
0,0,1.152860,75.000000 
0,0,0.664250,350.000000 
0,0,0.126126,3.000000 
0,0,0.821604,3.000000 
0,0,0.760288,350.000000 
0,0,0.214866,3.000000 
0,0,1.007425,3.000000 
0,0,1.553441,23009.000000 
0,0,0.000884,3.000000 
0,0,1.873374,350.000000 
0,0,0.461261,250.000000 
0,0,0.483940,250.000000 
0,0,7.426878,350.000000 
0,0,7.036726,75.000000 
0,0,0.257021,12.000000 
0,0,0.318368,3.000000 
0,0,1.142008,3.000000 
0,0,0.872935,3.000000 
0,0,0.382001,12.000000 
0,0,0.384836,12.000000 
0,0,1.583469,1000.000000 
0,0,0.178625,350.000000 
0,0,0.344012,250.000000 
0,0,0.187887,12.000000 
0,0,2.358639,250.000000 
0,0,2.504241,250.000000 
0,0,0.269181,250.000000 
0,0,0.462715,250.000000 
0,0,1.542470,250.000000 
0,0,1.543899,250.000000 
0,0,2.512556,1000.000000 
0,0,0.944630,3.000000 
0,0,0.049023,250.000000 
0,0,0.053881,12.000000 
0,0,0.941984,350.000000 
0,0,1.312246,2515.000000 
0,0,0.367925,250.000000 
0,0,1.258658,3.000000 
0,0,0.252488,12.000000 
0,0,0.243518,12.000000 
0,0,0.861661,250.000000 
0,0,1.265296,350.000000 
0,0,1.640065,75.000000 
0,0,4.481518,350.000000 
0,0,1.651178,12.000000 
0,0,0.016906,250.000000 
0,0,1.410365,3.000000 
0,0,0.198785,3.000000 
0,0,1.991761,3.000000 
0,0,0.920942,12.000000 
0,0,0.509144,350.000000 
0,0,1.732282,250.000000 
0,0,0.188314,3.000000 
0,0,1.846863,350.000000 
0,0,0.012136,75.000000 
0,0,1.358023,12.000000 
0,0,1.454148,3.000000 
0,0,2.286344,250.000000 
0,0,1.516810,10.000000 
0,0,0.454575,250.000000 
0,0,0.362395,250.000000 
0,0,0.229703,250.000000 
0,0,0.362057,1000.000000 
0,0,0.283769,12.000000 
0,0,0.401193,250.000000 
0,0,0.456606,3.000000 
0,0,2.874565,250.000000 
0,0,0.513802,12.000000 
0,0,1.482771,350.000000 
0,0,1.143261,350.000000 
0,0,0.356911,12.000000 
0,0,2.141854,10.000000 
0,0,0.271060,3.000000 
0,0,0.642220,250.000000 
0,0,0.590751,23009.000000 
0,0,0.531047,250.000000 
0,0,1.109674,250.000000 
0,0,0.352413,250.000000 
0,0,1.944594,3.000000 
0,0,1.822089,75.000000 
0,0,0.722936,250.000000 
0,0,0.150560,3.000000 
0,0,0.206697,350.000000 
0,0,0.585485,250.000000 
0,0,0.302462,3.000000 
0,0,1.151990,250.000000 
0,0,2.000023,250.000000 
0,0,0.637621,75.000000 
0,0,1.168802,250.000000 
0,0,0.530826,250.000000 
0,0,0.657619,350.000000 
0,0,0.842000,250.000000 
0,0,1.351535,250.000000 
0,0,0.993641,1000.000000 
0,0,0.933901,1000.000000 
0,0,0.805497,3.000000 
0,0,0.742555,350.000000 
0,0,0.947185,250.000000 
0,0,1.275494,1000.000000 
0,0,2.547678,3.000000 
0,0,0.994950,3.000000 
0,0,1.370727,2515.000000 
0,0,0.397818,350.000000 
0,0,0.391212,3.000000 
0,0,0.665656,3.000000 
0,0,0.316619,250.000000 
0,0,0.327438,12.000000 
0,0,0.056832,250.000000 
0,0,0.775014,15910.000000 
0,0,0.061702,75.000000 
0,0,1.134571,12.000000 
0,0,0.775585,3.000000 
0,0,0.659431,250.000000 
0,0,0.413464,350.000000 
0,0,0.911719,250.000000 
0,0,0.501470,12.000000 
0,0,0.013589,250.000000 
0,0,1.894497,3.000000 
0,0,0.400331,75.000000 
0,0,1.067644,10.000000 
0,0,0.613024,3.000000 
0,0,0.648542,3.000000 
0,0,0.187247,10.000000 
0,0,4.203006,250.000000 
0,0,1.293862,10.000000 
0,0,0.441643,3.000000 
0,0,0.604886,3.000000 
0,0,0.085724,12.000000 
0,0,1.321956,12.000000 
0,0,0.030370,250.000000 
0,0,1.399448,12.000000 
0,0,0.169632,12.000000 
0,0,0.365249,350.000000 
0,0,0.785807,250.000000 
0,0,0.201992,3.000000 
0,0,3.812915,3.000000 
0,0,1.827912,250.000000 
0,0,0.346795,3.000000 
0,0,0.345557,250.000000 
0,0,0.828650,250.000000 
0,0,0.540562,10.000000 
0,0,0.285405,75.000000 
0,0,0.008503,12.000000 
0,0,0.362867,3.000000 
0,0,1.274711,250.000000 
0,0,0.282545,75.000000 
0,0,1.765046,3.000000 
0,0,5.459914,12.000000 
0,0,0.701802,12.000000 
0,0,2.526768,350.000000 
0,0,1.813508,10.000000 
0,0,0.101699,12.000000 
0,0,0.244633,350.000000 
0,0,0.292120,12.000000 
0,0,0.829137,250.000000 
0,0,5.060610,3.000000 
0,0,0.536507,10.000000 
0,0,0.656857,1000.000000 
0,0,2.705307,3.000000 
0,0,0.608764,250.000000 
0,0,0.942297,12.000000 
0,0,1.533283,3.000000 
0,0,0.952515,250.000000 
0,0,0.467030,3.000000 
0,0,0.416951,250.000000 
0,0,0.343449,12.000000 
0,0,0.618668,3.000000 
0,0,1.271934,250.000000 
0,0,0.203424,75.000000 
0,0,0.989104,3.000000 
0,0,0.376730,3.000000 
0,0,1.170638,1000.000000 
0,0,4.672644,350.000000 
0,0,2.265315,3.000000 
0,0,0.652082,350.000000 
0,0,0.253757,3.000000 
0,0,1.511018,250.000000 
0,0,2.895366,350.000000 
0,0,2.650231,250.000000 
0,0,1.830871,350.000000 
0,0,0.323290,250.000000 
0,0,1.213949,3.000000 
0,0,2.983752,3.000000 
0,0,0.738554,3.000000 
0,0,0.782718,350.000000 
0,0,0.653949,12.000000 
0,0,0.806339,12.000000 
0,0,1.895045,3.000000 
0,0,1.251965,3.000000 
0,0,0.181903,3.000000 
0,0,0.362927,1000.000000 
0,0,0.548569,1000.000000 
0,0,0.383951,3.000000 
0,0,1.105108,250.000000 
0,0,2.856400,250.000000 
0,0,0.013204,350.000000 
0,0,0.611764,3.000000 
0,0,6.402495,3.000000 
0,0,0.155260,12.000000 
0,0,3.528276,3.000000 
0,0,0.974051,75.000000 
0,0,0.714061,3.000000 
0,0,0.551347,3.000000 
0,0,0.302513,3.000000 
0,0,0.386645,3.000000 
0,0,0.623124,10.000000 
0,0,3.335755,250.000000 
0,0,2.099588,12.000000 
0,0,0.027006,12.000000 
0,0,1.669847,350.000000 
0,0,1.046061,3.000000 
0,0,0.487556,350.000000 
0,0,0.498220,12.000000 
0,0,2.072007,3.000000 
0,0,0.592647,3.000000 
0,0,0.047062,350.000000 
0,0,1.030230,3.000000 
0,0,0.176616,3.000000 
0,0,0.026085,3.000000 
0,0,1.350872,75.000000 
0,0,1.380203,3.000000 
0,0,0.857230,3.000000 
0,0,0.206965,3.000000 
0,0,0.107681,350.000000 
0,0,1.408187,250.000000 
0,0,0.273625,75.000000 
0,0,0.364050,250.000000 
0,0,0.794402,75.000000 
0,0,1.333246,250.000000 
0,0,0.407211,12.000000 
0,0,2.149254,250.000000 
0,0,1.562734,3.000000 
0,0,2.174406,250.000000 
0,0,0.603352,1000.000000 
0,0,5.102854,3.000000 
0,0,1.737418,250.000000 
0,0,0.511894,3.000000 
0,0,0.839542,75.000000 
0,0,2.494878,12.000000 
0,0,0.374818,3.000000 
0,0,0.980003,250.000000 
0,0,0.178880,12.000000 
0,0,2.090402,250.000000 
0,0,0.027015,1000.000000 
0,0,3.518789,12.000000 
0,0,2.521325,3.000000 
0,0,0.704725,250.000000 
0,0,0.262096,250.000000 
0,0,0.068246,250.000000 
0,0,1.385673,350.000000 
0,0,1.022602,3.000000 
0,0,0.262516,250.000000 
0,0,0.693237,250.000000 
0,0,0.288680,350.000000 
0,0,0.397641,250.000000 
0,0,0.383216,250.000000 
0,0,0.278696,2515.000000 
0,0,3.314076,75.000000 
0,0,1.467193,12.000000 
0,0,1.506578,3.000000 
0,0,0.575183,12.000000 
0,0,0.426757,350.000000 
0,0,0.483518,250.000000 
0,0,0.990299,10.000000 
0,0,1.492539,3.000000 
0,0,1.453753,350.000000 
0,0,0.426160,10.000000 
0,0,1.796204,3.000000 
0,0,0.295574,75.000000 
0,0,1.834097,3.000000 
0,0,3.044112,3.000000 
0,0,0.412500,12.000000 
0,0,2.079882,3.000000 
0,0,0.052181,350.000000 
0,0,0.725298,250.000000 
0,0,0.476351,3.000000 
0,0,0.089897,3.000000 
0,0,4.020471,250.000000 
0,0,0.521641,350.000000 
0,0,0.325908,250.000000 
0,0,0.700007,12.000000 
0,0,2.924447,75.000000 
0,0,0.817277,250.000000 
0,0,0.655515,1000.000000 
0,0,0.258843,3.000000 
0,0,2.727902,350.000000 
0,0,0.814659,3.000000 
0,0,0.023084,12.000000 
0,0,0.759840,3.000000 
0,0,1.111527,10.000000 
0,0,0.807594,3.000000 
0,0,0.296691,1000.000000 
0,0,1.583082,350.000000 
0,0,1.763876,250.000000 
0,0,0.987465,250.000000 
0,0,0.062168,3.000000 
0,0,0.035781,1000.000000 
0,0,1.366659,250.000000 
0,0,2.654483,75.000000 
0,0,2.088694,3.000000 
0,0,0.641812,250.000000 
0,0,1.832062,75.000000 
0,0,0.658345,1000.000000 
0,0,2.252036,350.000000 
0,0,0.172479,250.000000 
0,0,0.998146,6326.000000 
0,0,0.858280,250.000000 
0,0,1.117099,3.000000 
0,0,0.337508,12.000000 
0,0,0.550302,3.000000 
0,0,0.137099,12.000000 
0,0,0.276748,12.000000 
0,0,0.178412,3.000000 
0,0,0.356973,250.000000 
0,0,0.944021,3.000000 
0,0,0.066950,12.000000 
0,0,0.501531,1000.000000 
0,0,1.015880,3.000000 
0,0,0.617104,350.000000 
0,0,0.787299,2515.000000 
0,0,0.912069,12.000000 
0,0,1.425283,75.000000 
0,0,2.487883,3.000000 
0,0,0.863749,350.000000 
0,0,0.749972,350.000000 
0,0,1.238680,250.000000 
0,0,2.254089,3.000000 
0,0,1.530691,3.000000 
0,0,0.220623,3.000000 
0,0,0.639722,350.000000 
0,0,0.402240,12.000000 
0,0,0.146596,12.000000 
0,0,1.411611,250.000000 
0,0,0.340289,250.000000 
0,0,1.333084,3.000000 
0,0,0.960186,250.000000 
0,0,2.513238,6326.000000 
0,0,0.777045,250.000000 
0,0,1.457288,350.000000 
0,0,0.228970,12.000000 
0,0,0.710613,3.000000 
0,0,5.735651,12.000000 
0,0,1.323811,250.000000 
0,0,0.408436,250.000000 
0,0,0.855217,10032.000000 
0,0,1.677584,350.000000 
0,0,0.037208,350.000000 
0,0,2.009623,10.000000 
0,0,0.228337,250.000000 
0,0,0.055466,250.000000 
0,0,1.765184,350.000000 
0,0,0.500873,250.000000 
0,0,2.751945,250.000000 
0,0,1.057015,23009.000000 
0,0,1.229400,250.000000 
0,0,0.674015,2515.000000 
0,0,0.191358,75.000000 
0,0,0.181116,10.000000 
0,0,0.319595,12.000000 
0,0,1.110378,12.000000 
0,0,0.220541,6326.000000 
0,0,0.459241,1000.000000 
0,0,3.093550,350.000000 
0,0,3.183981,250.000000 
0,0,1.875260,350.000000 
0,0,0.265184,250.000000 
0,0,2.784963,12.000000 
0,0,0.655267,12.000000 
0,0,0.073485,250.000000 
0,0,1.511787,12.000000 
0,0,1.586880,3.000000 
0,0,2.419201,3.000000 
0,0,0.357116,12.000000 
0,0,0.347487,3.000000 
0,0,0.703943,3.000000 
0,0,1.340256,1000.000000 
0,0,0.340280,350.000000 
0,0,0.971893,12.000000 
0,0,1.606220,1000.000000 
0,0,1.458402,75.000000 
0,0,0.829892,350.000000 
0,0,0.756090,75.000000 
0,0,0.149443,2515.000000 
0,0,0.023025,350.000000 
0,0,0.810762,350.000000 
0,0,3.374270,250.000000 
0,0,0.646699,10.000000 
0,0,3.453371,12.000000 
0,0,0.283459,3.000000 
0,0,0.524944,12.000000 
0,0,0.194931,350.000000 
0,0,1.109940,3.000000 
0,0,1.460681,3.000000 
0,0,0.622636,2515.000000 
0,0,0.842533,3.000000 
0,0,0.907378,3.000000 
0,0,0.012756,3.000000 
0,0,0.033650,350.000000 
0,0,0.161895,250.000000 
0,0,0.142123,12.000000 
0,0,1.166018,3.000000 
0,0,1.907909,250.000000 
0,0,0.002404,3.000000 
0,0,0.447032,350.000000 
0,0,0.759127,3.000000 
0,0,0.070514,3.000000 
0,0,0.369945,2515.000000 
0,0,0.204068,3.000000 
0,0,0.613348,250.000000 
0,0,0.557207,12.000000 
0,0,1.837493,350.000000 
0,0,0.056306,3.000000 
0,0,0.196826,3.000000 
0,0,1.861664,350.000000 
0,0,3.192361,250.000000 
0,0,1.068238,3.000000 
0,0,2.207098,10.000000 
0,0,2.337816,1000000.000000 
0,0,0.656288,3.000000 
0,0,3.798469,75.000000 
0,0,0.577172,3.000000 
0,0,0.154462,250.000000 
0,0,0.659890,3.000000 
0,0,0.393747,12.000000 
0,0,0.304930,250.000000 
0,0,0.358877,10.000000 
0,0,3.781015,75.000000 
0,0,1.650345,12.000000 
0,0,0.399000,3.000000 
0,0,1.061687,1000.000000 
0,0,2.713712,350.000000 
0,0,1.961051,3.000000 
0,0,0.082168,350.000000 
0,0,1.506627,250.000000 
0,0,0.967283,350.000000 
0,0,0.534409,350.000000 
0,0,1.787890,350.000000 
0,0,3.636678,3.000000 
0,0,0.369432,3.000000 
0,0,0.271358,250.000000 
0,0,0.337299,350.000000 
0,0,2.559747,250.000000 
0,0,0.527956,350.000000 
0,0,0.077418,75.000000 
0,0,0.072896,250.000000 
0,0,0.842933,350.000000 
0,0,0.681279,250.000000 
0,0,0.184817,1000.000000 
0,0,0.084212,1000.000000 
0,0,0.508100,250.000000 
0,0,0.323190,12.000000 
0,0,0.655203,1000.000000 
0,0,0.711684,250.000000 
0,0,1.823749,75.000000 
0,0,0.024174,350.000000 
0,0,0.554498,3.000000 
0,0,1.297364,10032.000000 
0,0,0.632189,250.000000 
0,0,0.358737,3.000000 
0,0,0.404891,350.000000 
0,0,2.328595,350.000000 
0,0,0.600137,350.000000 
0,0,0.493088,350.000000 
0,0,0.403519,250.000000 
0,0,0.702944,12.000000 
0,0,0.559346,12.000000 
0,0,0.529519,3.000000 
0,0,0.818000,3.000000 
0,0,1.889040,10.000000 
0,0,0.688608,3.000000 
0,0,0.312844,350.000000 
0,0,3.452810,1000.000000 
0,0,2.963910,12.000000 
0,0,0.649966,10.000000 
0,0,1.137429,12.000000 
0,0,3.350708,250.000000 
0,0,1.405916,75.000000 
0,0,2.233241,250.000000 
0,0,0.959802,3.000000 
0,0,0.594516,250.000000 
0,0,0.515556,350.000000 
0,0,0.492477,3.000000 
0,0,0.066940,1000.000000 
0,0,0.258731,3.000000 
0,0,0.667190,75.000000 
0,0,0.720146,3.000000 
0,0,0.430586,3.000000 
0,0,0.360976,12.000000 
0,0,0.897622,3.000000 
0,0,0.719800,3.000000 
0,0,0.734422,75.000000 
0,0,0.341857,350.000000 
0,0,0.626988,1000.000000 
0,0,1.285013,250.000000 
0,0,0.501638,350.000000 
0,0,1.272595,3.000000 
0,0,0.351873,3.000000 
0,0,0.633955,12.000000 
0,0,0.063735,350.000000 
0,0,1.446458,350.000000 
0,0,0.883112,3.000000 
0,0,0.515041,3.000000 
0,0,0.244620,1000.000000 
0,0,0.083107,3.000000 
0,0,0.383472,350.000000 
0,0,0.197016,3.000000 
0,0,0.639771,250.000000 
0,0,1.468504,250.000000 
0,0,1.940138,12.000000 
0,0,0.105893,350.000000 
0,0,1.380622,10.000000 
0,0,0.428456,250.000000 
0,0,5.335893,350.000000 
0,0,0.066208,6326.000000 
0,0,1.289701,350.000000 
0,0,0.152259,1000.000000 
0,0,1.276800,10.000000 
0,0,0.048738,3.000000 
0,0,0.679599,350.000000 
0,0,2.095980,3.000000 
0,0,0.875928,75.000000 
0,0,0.353151,250.000000 
0,0,0.828987,350.000000 
0,0,2.228045,12.000000 
0,0,0.266345,250.000000 
0,0,2.303930,12.000000 
0,0,0.818109,350.000000 
0,0,1.065439,6326.000000 
0,0,1.213807,3.000000 
0,0,0.277572,12.000000 
0,0,1.083203,350.000000 
0,0,1.106367,3.000000 
0,0,2.889461,3.000000 
0,0,0.556550,350.000000 
0,0,0.723017,350.000000 
0,0,1.597104,350.000000 
0,0,2.167402,2515.000000 
0,0,0.025987,250.000000 
0,0,0.145477,250.000000 
0,0,0.709600,3.000000 
0,0,1.001318,75.000000 
0,0,0.217022,250.000000 
0,0,1.818902,3.000000 
0,0,1.835211,250.000000 
0,0,2.852101,12.000000 
0,0,1.902123,350.000000 
0,0,0.759070,10.000000 
0,0,0.965985,1000.000000 
0,0,0.123632,250.000000 
0,0,0.857707,350.000000 
0,0,0.886130,250.000000 
0,0,0.428793,250.000000 
0,0,1.176593,250.000000 
0,0,2.811039,250.000000 
0,0,0.205283,12.000000 
0,0,0.107967,3.000000 
0,0,0.083934,3.000000 
0,0,0.104008,12.000000 
0,0,0.261304,350.000000 
0,0,1.767284,250.000000 
0,0,0.557844,10.000000 
0,0,3.460827,3.000000 
0,0,0.219067,3.000000 
0,0,0.649677,250.000000 
0,0,0.148939,3.000000 
0,0,1.283023,350.000000 
0,0,0.139844,250.000000 
0,0,0.532966,350.000000 
0,0,0.943734,250.000000 
0,0,0.208384,1000.000000 
0,0,0.643081,75.000000 
0,0,0.062012,1000.000000 
0,0,0.867410,350.000000 
0,0,0.544964,250.000000 
0,0,0.288823,10.000000 
0,0,0.126943,3.000000 
0,0,1.084459,3.000000 
0,0,1.663110,6326.000000 
0,0,0.296890,3.000000 
0,0,0.330006,12.000000 
0,0,0.128786,1000.000000 
0,0,2.619091,250.000000 
0,0,0.342330,1000.000000 
0,0,0.128902,3.000000 
0,0,1.023377,350.000000 
0,0,2.409579,75.000000 
0,0,1.826170,250.000000 
0,0,0.875158,350.000000 
0,0,2.338953,12.000000 
0,0,0.393498,3.000000 
0,0,0.575166,3.000000 
0,0,0.206967,250.000000 
0,0,0.129890,350.000000 
0,0,0.262196,350.000000 
0,0,0.453807,12.000000 
0,0,0.109230,10.000000 
0,0,0.129638,1000.000000 
0,0,0.720579,350.000000 
0,0,2.179743,3.000000 
0,0,0.974226,12.000000 
0,0,0.960714,3.000000 
0,0,0.374580,250.000000 
0,0,2.105871,3.000000 
0,0,2.566267,250.000000 
0,0,1.942801,12.000000 
0,0,0.738896,250.000000 
0,0,0.344481,250.000000 
0,0,1.435403,250.000000 
0,0,0.939133,250.000000 
0,0,0.024415,3.000000 
0,0,0.463995,3.000000 
0,0,0.383901,250.000000 
0,0,0.095751,3.000000 
0,0,1.015006,3.000000 
0,0,0.151738,3.000000 
0,0,0.230322,2515.000000 
0,0,0.846594,250.000000 
0,0,2.610321,75.000000 
0,0,0.695890,1000.000000 
0,0,0.725933,3.000000 
0,0,0.796876,12.000000 
0,0,0.693833,3.000000 
0,0,0.300080,350.000000 
0,0,0.069518,10.000000 
0,0,1.203567,1000.000000 
0,0,1.922810,250.000000 
0,0,2.207107,3.000000 
0,0,2.521711,1000.000000 
0,0,0.027910,3.000000 
0,0,0.896053,250.000000 
0,0,1.433762,250.000000 
0,0,0.037536,10.000000 
0,0,0.182153,3.000000 
0,0,1.619085,250.000000 
0,0,2.044217,1000.000000 
0,0,1.628073,1000.000000 
0,0,1.081404,6326.000000 
0,0,0.552205,12.000000 
0,0,0.820371,350.000000 
0,0,0.534991,10.000000 
0,0,0.837301,3.000000 
0,0,0.999122,250.000000 
0,0,0.961505,6326.000000 
0,0,0.510605,75.000000 
0,0,0.845197,2515.000000 
0,0,1.905237,350.000000 
0,0,0.400184,3.000000 
0,0,0.004610,250.000000 
0,0,0.359441,12.000000 
0,0,0.909464,3.000000 
0,0,0.163368,250.000000 
0,0,0.199028,250.000000 
0,0,0.231450,3.000000 
0,0,0.982833,3.000000 
0,0,4.645171,250.000000 
0,0,0.734431,250.000000 
0,0,0.447760,1000.000000 
0,0,0.436189,3.000000 
0,0,0.438663,350.000000 
0,0,0.224351,250.000000 
0,0,0.974545,10.000000 
0,0,1.028140,3.000000 
0,0,0.942890,350.000000 
0,0,1.095696,250.000000 
0,0,0.365876,1000.000000 
0,0,1.931729,350.000000 
0,0,1.232628,3.000000 
0,0,0.405181,12.000000 
0,0,0.157397,3.000000 
0,0,1.156139,75.000000 
0,0,1.936953,250.000000 
0,0,0.507084,250.000000 
0,0,5.187099,350.000000 
0,0,0.082480,250.000000 
0,0,0.962453,3.000000 
0,0,0.660619,250.000000 
0,0,1.065790,3.000000 
0,0,1.331301,12.000000 
0,0,1.234433,250.000000 
0,0,0.181944,250.000000 
0,0,2.084328,3.000000 
0,0,0.454730,350.000000 
0,0,3.022129,350.000000 
0,0,0.780786,3.000000 
0,0,0.975997,250.000000 
0,0,1.858714,350.000000 
0,0,0.279905,250.000000 
0,0,0.406506,3.000000 
0,0,4.462750,250.000000 
0,0,0.229563,12.000000 
0,0,0.578187,250.000000 
0,0,1.242525,1000.000000 
0,0,0.878128,350.000000 
0,0,1.137526,250.000000 
0,0,0.664384,250.000000 
0,0,0.329678,1000.000000 
0,0,0.171923,350.000000 
0,0,1.461469,250.000000 
0,0,0.765703,3.000000 
0,0,0.985214,3.000000 
0,0,2.994871,350.000000 
0,0,2.605715,10.000000 
0,0,1.597266,12.000000 
0,0,0.568839,3.000000 
0,0,0.184495,350.000000 
0,0,0.861442,3.000000 
0,0,0.174891,3.000000 
0,0,1.227434,3.000000 
0,0,1.708177,250.000000 
0,0,1.028548,350.000000 
0,0,0.068161,1000.000000 
0,0,0.528618,350.000000 
0,0,0.996849,250.000000 
0,0,0.769901,3.000000 
0,0,0.465485,1000.000000 
0,0,0.057150,3.000000 
0,0,0.901929,15910.000000 
0,0,2.986146,3.000000 
0,0,0.810018,3.000000 
0,0,0.517637,350.000000 
0,0,0.289937,1000.000000 
0,0,0.145984,250.000000 
0,0,2.032382,12.000000 
0,0,2.257809,3.000000 
0,0,0.407505,250.000000 
0,0,0.182268,250.000000 
0,0,0.542514,250.000000 
0,0,0.417649,250.000000 
0,0,0.018131,350.000000 
0,0,3.967746,3.000000 
0,0,0.081782,350.000000 
0,0,1.636404,350.000000 
0,0,0.032809,10.000000 
0,0,0.648035,3.000000 
0,0,1.277276,350.000000 
0,0,0.328789,3.000000 
0,0,0.526856,75.000000 
0,0,0.177833,3.000000 
0,0,0.180693,3.000000 
0,0,0.415686,250.000000 
0,0,0.314097,12.000000 
0,0,0.441569,10.000000 
0,0,1.051169,250.000000 
0,0,0.625720,350.000000 
0,0,0.409251,1000.000000 
0,0,1.128776,250.000000 
0,0,0.140196,350.000000 
0,0,0.815608,10.000000 
0,0,0.085593,250.000000 
0,0,1.284939,3.000000 
0,0,0.049449,250.000000 
0,0,2.143551,1000.000000 
0,0,0.877052,75.000000 
0,0,0.178678,3.000000 
0,0,0.038184,1000.000000 
0,0,1.099828,250.000000 
